5.977839052713894707e-01,1.070529663101933426e+00,7.197415486984106714e-01,7.212469701382508980e-01,9.864841446422077942e-01,6.284383509326513240e-01,1.167798331167516634e+00,5.232182668715295026e-01,3.680475305607873171e-01,9.848751713583394629e-01,3.899672379742465944e-01,3.492519222293772874e-01,7.754231996225341428e-01,8.907297384236940729e-01,4.412367746771760357e-01,6.068296464776803401e-01,6.460929527447227816e-01,5.649169397695739114e-01,5.474811299095969641e-01,4.906406675464308198e-01,5.540738886790513851e-01,8.906969903272998756e-01,2.978611754765674302e-01,5.318490755358014077e-01,1.140225810510079540e+00,4.877249770413633057e-01,4.664457115313025426e-01,1.260536529573826003e+00,7.084225668674306586e-01,1.140091404623624349e+00,4.726721237952944410e-01,6.703409666017872137e-01,6.369124048925072223e-01,4.154849200785478702e-01,1.098002369500447273e+00,9.350570577848618115e-01,1.059714279222862654e+00,1.322603892525216374e+00,5.364397645082682464e-01,9.082501974578254256e-01,8.102054815698789270e-01,8.757519264731838948e-01,1.117579576048472800e+00,4.593735539281952329e-01,4.186568627165704326e-01,8.524805128482393357e-01,5.663730218450911957e-01,1.011197370517844307e+00,1.008683802374292116e+00,6.477203859158842114e-01,5.704848325080813520e-01,1.303152112916677652e+00,6.545072790685054764e-01,4.538847622621169364e-01,5.453369522241844347e-01,8.019886228870405365e-01,1.270653527573130770e+00,4.472978190638640106e-01,6.218587973356919374e-01,5.738418119164636622e-01,6.469332315080309481e-01,4.735004484246798651e-01,9.238025808156663521e-01,7.151959555423798021e-01
1.070529663101933426e+00,4.075887163576038530e-01,9.910768684155742969e-01,3.688130000198247549e-01,5.192948835619251025e-01,3.212339912816660203e-01,8.903343522323244885e-01,8.368942486992307916e-01,4.342426891394631783e-01,6.024118353119763958e-01,6.108379750114227846e-01,8.200372342169615081e-01,5.693134129398232934e-01,1.123740277886362104e+00,2.811486586407973554e-01,6.207462493499165124e-01,7.647833458534363249e-01,5.457746976447415133e-01,5.772394616645382115e-01,6.596298485182241489e-01,6.930764563789044708e-01,8.613452371630422322e-01,9.061897146650457202e-01,5.519997986094982156e-01,6.914113645255828278e-01,6.255946049199884174e-01,6.319607736286778632e-01,5.591494949059783170e-01,8.393909658573144306e-01,6.886323824841003027e-01,8.928885339377012897e-01,6.840413329871029013e-01,5.202720229973707422e-01,3.321258721823431292e-01,1.012576088555980469e+00,7.446882304650195294e-01,6.905132445058348445e-01,3.665606842705000368e-01,1.186277647531785995e+00,8.204939959132062643e-01,8.541671691819664458e-01,7.353572120884876995e-01,5.994692874159252005e-01,1.103546384728861796e+00,4.193712877154170959e-01,6.015754009879363817e-01,3.091397772885030593e-01,8.775205608040754779e-01,7.443554345671621331e-01,1.348862660785002499e+00,6.060692735383467200e-01,3.545272266784814663e-01,6.443304614479620218e-01,6.381007521464013843e-01,6.974231869309034382e-01,6.493988387576463683e-01,5.850009044956553383e-01,7.527786583205612336e-01,5.775237152659664641e-01,1.297756015653506401e+00,1.242307929941110389e+00,4.708150099547621092e-01,6.867332658592144590e-01,7.365949825047730659e-01
7.197415486984106714e-01,9.910768684155742969e-01,1.527445813624183357e-01,4.133010279165758583e-01,3.666200673738236326e-01,5.406799505017207963e-01,8.091707824005643923e-01,1.735814043919939043e-01,7.571189083353944138e-01,5.637338761842630719e-01,6.990743056989149329e-01,6.222440450970616599e-01,7.684080581777066321e-01,7.219066038435564270e-01,8.257868271161175056e-01,5.479325180929437433e-01,5.603970272585839796e-01,5.937820579527169906e-01,3.250389696430743824e-01,6.180844104050324805e-01,9.068453316096409811e-01,3.987776379367808377e-01,6.109988783798088186e-01,5.944784817083905715e-01,1.026718318061122348e+00,5.500096247608434741e-01,8.852978185123576704e-01,7.158633079465956950e-01,1.128538894984876251e+00,8.853804104728577595e-01,1.367050628296037296e+00,6.011339401339735877e-01,5.353181054707977227e-01,8.863433194578493879e-01,7.291053738432908826e-01,1.046480855061403759e+00,6.866870798678386123e-01,6.185237903888700650e-01,7.858996629820058644e-01,4.130218852459245360e-01,9.672650940042816226e-01,6.332401603239843357e-01,9.236482369139074056e-01,6.117016988441237313e-01,5.325492226210843949e-01,6.995074419575606495e-01,3.063407572024758330e-01,7.374346705943968239e-01,5.905765726267773186e-01,5.037187281965721519e-01,2.333403521709730699e-01,6.243216622753424705e-01,7.422141582908519108e-01,5.509008847436873690e-01,9.777284868869897672e-01,8.676494364754585575e-01,6.695758182574950146e-01,5.861860754808541074e-01,9.366210372348175994e-01,1.025855158585772031e+00,6.582615333150603210e-01,4.032856603764956027e-01,7.866011640226033830e-01,4.729187213037297499e-01
7.212469701382508980e-01,3.688130000198247549e-01,4.133010279165758583e-01,2.073894091524573491e-01,9.507931150771158357e-01,2.815369929466742249e-01,7.340233769768322869e-01,6.386187027548768658e-01,1.244832112961877790e+00,7.464810353239410556e-01,7.726810868789675268e-01,6.014230030507772273e-01,6.204860120955830727e-01,5.651450373829172147e-01,7.805059147650895701e-01,3.725124735585678692e-01,4.044167773920103737e-01,5.285276962854457139e-01,6.746005325220822968e-01,5.126764668653263080e-01,7.165247004454424751e-01,3.913427807714723317e-01,2.762982978166158565e-01,3.629382477070787205e-01,5.997280769021026137e-01,4.500421415788541379e-01,6.515949451769862399e-01,3.719759699298564870e-01,5.696657337331330062e-01,8.120888780410577823e-01,1.035504474682986231e+00,6.521966341914638976e-01,3.952100366249752250e-01,7.651320103537069262e-01,9.642932392698400079e-01,5.444279006881350691e-01,1.247140578637872421e+00,8.201620046904537498e-01,1.007766980082944297e+00,3.846301657229639348e-01,6.032192199308965552e-01,4.265995217965342645e-01,5.754661594889450837e-01,6.881431547880496602e-01,3.966640427946506731e-01,7.545957856775340478e-01,1.833048676330990834e-01,6.256417576935567881e-01,7.929437798459648690e-01,2.265611961820239995e-01,2.611211845671396192e-01,3.320907622890400535e-01,8.101463373805162238e-01,5.276892748751743634e-01,4.099388957420425084e-01,4.151976400952538393e-01,6.145489899505749420e-01,5.398762889275366961e-01,9.830866895361294322e-01,3.627265340869626487e-01,7.652905376238139379e-01,9.452070240839747228e-01,9.262464849868988770e-01,4.240741134190613715e-01
9.864841446422077942e-01,5.192948835619251025e-01,3.666200673738236326e-01,9.507931150771158357e-01,9.644615272543274331e-01,4.395499986423406225e-01,1.119204280175081223e+00,4.261890515065747120e-01,4.459163186688617220e-01,7.050687982957294375e-01,7.438347467345209907e-01,2.372178460247494902e-01,5.007085409225195960e-01,1.031258506664070040e+00,1.292012421247420217e+00,3.787910765788828349e-01,8.492086552920807829e-01,5.371021342676030041e-01,4.217776993010349251e-01,8.653070034491177065e-01,7.576909700444227624e-01,2.650399338038191832e-01,3.895309998307078247e-01,3.247797290546338145e-01,7.430549891401460050e-01,7.254070773326422028e-01,9.417917645630741186e-01,5.686566124377416820e-01,4.711797234035344784e-01,5.910296978855182903e-01,1.076714283954869344e+00,4.168643447243468025e-01,3.467303029978567319e-01,5.752751270471401224e-01,6.831247268089273295e-01,3.376064543858882661e-01,9.721711143560042290e-01,7.878453579748286861e-01,6.952624837555375636e-01,8.270724805361413523e-01,8.627366574570833890e-01,6.062084281188007129e-01,6.195345531511400328e-01,8.418155074661131110e-01,2.374459543281718377e-01,4.175436431282562588e-01,9.110739844680117994e-01,1.399325448990969556e-01,3.574037411695750177e-01,5.044784700275972700e-01,3.440772179256373353e-01,6.337421713682007685e-01,7.410942705351208915e-01,1.194316138276246164e+00,5.469283878992658998e-01,7.452191530163772004e-01,6.692687324862236498e-01,4.980021333597525746e-01,9.131858038008667799e-01,7.543530677417196184e-01,6.576359682987045208e-01,5.499343253428380374e-01,7.981303613833293786e-01,3.672359574985872843e-01
6.284383509326513240e-01,3.212339912816660203e-01,5.406799505017207963e-01,2.815369929466742249e-01,4.395499986423406225e-01,1.370314968472699402e+00,3.243729984152174395e-01,4.841979491903991573e-01,4.520846379765238732e-01,3.929515971514543349e-01,7.665008595060848196e-01,6.918474983285436419e-01,3.378443794402516964e-01,6.838265929299105483e-01,4.556612520388796383e-01,3.573200490391227335e-01,6.302361420235448319e-01,6.470441925030354646e-01,4.670748646083485722e-01,5.670696793910556810e-01,9.049912427189181763e-01,2.757180953419117175e-01,2.701241189169131252e-01,8.557485003369338372e-01,6.852612236053039485e-01,7.779828474111740721e-01,7.007185410604750420e-01,4.289722623151946412e-01,5.019641509518069089e-01,1.162572137870377720e+00,9.781672155989773465e-01,6.027866678379971699e-01,4.474488776811396118e-01,4.928596338655070741e-01,6.261861323046796768e-01,4.245645786515606090e-01,1.710897529510471138e-01,5.823766370975919093e-01,2.608914801414461970e-01,6.561649680243171190e-01,7.799614127191353274e-01,2.052964107418384088e-01,7.871807606772767141e-01,3.496697130669346731e-01,6.194727216898736621e-01,4.422814020583940575e-01,6.406542850206164985e-01,2.681404729197869319e-01,6.143468318155773655e-01,1.146453875531088906e+00,6.964099492477953124e-01,7.597348708461801881e-01,1.208493597514653795e+00,1.760753614627664776e-01,8.785617497814640631e-01,5.698553527246794648e-01,9.397567228978496168e-01,8.457390362815984108e-01,3.993662096848331622e-01,9.263167230973774480e-01,5.860023386990668159e-01,8.469926519688300015e-01,4.705790786669655779e-01,6.296144545021244987e-01
1.167798331167516634e+00,8.903343522323244885e-01,8.091707824005643923e-01,7.340233769768322869e-01,1.119204280175081223e+00,3.243729984152174395e-01,1.028390029472265654e+00,4.570728738002145519e-01,7.249984186830051858e-01,6.801900590769366373e-01,7.983542309837061701e-01,9.280614826109472304e-01,3.046780509992548236e-01,1.114043130310042429e+00,3.332783511040134372e-01,7.255928765047818807e-01,8.851031857966598082e-01,4.871051734484138640e-01,3.220641667650404605e-01,9.844088470327047036e-01,6.573744166501891417e-01,4.377198275117987203e-01,5.511850176701237336e-01,4.970675580391293868e-01,7.731727843404663236e-01,5.487623235734154781e-01,7.115159701320835639e-01,5.334682174273506217e-01,6.718148514153566842e-01,8.810521277756132585e-01,5.861966334647460419e-01,7.221482869227797696e-01,6.429431809435585121e-01,3.355681165380776099e-01,6.713556006974396029e-01,4.498089896376282759e-01,1.084394340581698479e+00,6.493997771585189316e-01,4.188452965113488857e-01,1.091156346662132792e+00,4.742477443586758934e-01,5.257981079020490611e-01,4.768187482541417777e-01,9.390637814075071255e-01,6.576131674896682489e-01,7.242495731103750778e-01,5.976960646490250273e-01,3.941967477882022397e-01,4.708314333072168845e-01,4.101776464805054756e-01,5.916432710739359946e-01,6.413301941303142240e-01,7.911268916966216480e-01,2.546514963847675839e-01,5.431866343954060428e-01,5.128985212341762301e-01,8.245012074541614444e-01,8.963762600500876365e-01,3.838015895031604008e-01,3.390813632664297916e-01,7.472021411148364045e-01,4.958354843239585197e-01,4.031294187645964033e-01,5.258919932659108509e-01
5.232182668715295026e-01,8.368942486992307916e-01,1.735814043919939043e-01,6.386187027548768658e-01,4.261890515065747120e-01,4.841979491903991573e-01,4.570728738002145519e-01,7.306387990618768979e-01,8.798494009031729846e-01,6.056795706240052368e-01,1.086530367596116653e+00,9.051312417502295204e-01,4.846446685502097118e-01,9.409340021547227817e-01,7.443861787150771736e-01,4.288889569781217936e-01,6.658861907205714248e-01,4.997643983175815707e-01,3.081003199278153915e-01,7.746497533303137173e-01,1.070567347331782049e+00,7.007858088460885426e-01,8.509028586056859300e-01,5.442342485456296286e-01,1.306273322298076467e+00,7.749462853693015463e-01,3.172711131559806663e-01,4.897909501780396413e-01,4.469526280771492499e-01,6.301328985064531540e-01,6.440985302495136899e-01,3.141539604945977615e-01,5.248862246530568987e-01,6.353474545744790536e-01,5.703320807100275003e-01,1.035919314948676284e+00,6.456391361219160352e-01,6.834125275520540610e-01,7.370548536540102447e-01,5.325350965661846958e-01,9.997971780551113685e-01,1.108443981559643909e-01,1.012009264583927592e+00,5.600814677990162416e-01,9.155162665550194978e-01,3.736458301407419302e-01,5.948046942142707350e-01,4.251334210941677405e-01,1.001635896118056479e+00,4.283966247895386048e-01,1.045812198835543771e+00,7.421357564702459886e-01,5.140156455656950119e-01,6.319456669006268124e-01,3.703016208942458420e-01,6.663318171435872461e-01,1.168055685674085353e+00,4.895170379463283927e-01,7.750408337231242673e-01,7.528502023177682245e-01,5.425707907338208624e-01,3.974277454967631851e-01,7.149379889850537850e-01,4.698511417540235380e-01
3.680475305607873171e-01,4.342426891394631783e-01,7.571189083353944138e-01,1.244832112961877790e+00,4.459163186688617220e-01,4.520846379765238732e-01,7.249984186830051858e-01,8.798494009031729846e-01,8.086143005368704451e-01,5.515776356447917861e-01,6.681327955880566050e-01,4.805227176144944989e-01,6.420798405197527536e-01,8.089494338314520139e-01,8.110429498934036419e-01,5.842842126400552560e-01,8.622210173092841323e-01,6.707026500524089219e-01,5.086553067805573702e-01,6.320797697352498190e-01,3.510397401121784777e-01,4.614718711890645197e-01,8.222062031002148608e-01,7.069094382538519961e-01,4.289900265210001562e-01,4.951483227151250444e-01,1.086328928482305445e+00,7.792034959376993308e-01,6.711418019009823821e-01,9.459195704802502158e-01,9.902784535742493732e-01,5.813778448442338265e-01,7.796111259757478873e-01,5.059805975255659005e-01,4.488479478326025118e-01,5.735269012658009702e-01,1.048162378629040603e+00,1.474575928996629148e+00,6.007556367518385176e-01,1.279726128212072211e+00,5.650043799668568179e-01,8.611172757717999726e-01,3.458051854872211672e-01,1.084321529694160624e+00,7.591254104501068412e-01,6.783694087500475867e-01,9.957863596998154376e-01,7.231176565701104009e-01,1.157048203256564101e+00,2.739270236271620917e-01,3.985186892326181285e-01,5.299095201402146404e-01,3.781730320817794366e-01,5.965347490703747368e-01,6.632411909031623587e-01,7.504933835573410761e-01,3.499742698236570915e-01,1.001861320832944546e+00,8.028163351033574813e-01,1.187291537768096594e+00,7.240274573680107739e-01,5.010823345784016780e-01,1.003975095956584962e+00,5.841061352100538340e-01
9.848751713583394629e-01,6.024118353119763958e-01,5.637338761842630719e-01,7.464810353239410556e-01,7.050687982957294375e-01,3.929515971514543349e-01,6.801900590769366373e-01,6.056795706240052368e-01,5.515776356447917861e-01,9.506055306716341136e-01,8.228185782149082250e-01,8.751455456942089928e-01,4.917412447729467839e-01,6.219832766026226478e-01,2.601755703850066048e-01,3.472979562079607785e-01,2.737631287847052119e-01,8.628285733001725966e-01,7.722025637675464793e-01,9.490741532395206015e-01,4.010513583985176878e-01,4.972732150365052894e-01,2.481015393036806183e-01,2.438788297976669794e-01,8.689872358754929804e-01,5.036254746179738007e-01,3.386958646337872025e-01,7.496455945411655275e-01,6.623764721263898370e-01,8.300232992647722519e-01,5.706855978912779293e-01,5.289245829884067218e-01,2.996412686916058998e-01,5.133497046470570924e-01,4.719535590512308199e-01,6.061037052260036528e-01,5.358885279982350536e-01,7.897799272868888387e-01,4.716612399446411530e-01,8.601586218989443200e-01,1.274176802695430544e+00,5.023225706983971417e-01,1.066669886274606904e+00,5.406503177889512290e-01,8.791419762010309613e-01,9.089710461585160939e-01,2.593240022802647538e-01,5.092951819188139551e-01,9.039141113203634781e-01,6.800073982860734834e-01,1.010048686521877404e+00,8.209373293955622986e-01,5.357140179135653213e-01,2.228832369907243760e-01,6.211088789046289582e-01,3.896516242193753810e-01,8.747039473695764622e-01,5.584352466918753866e-01,5.360999802046310103e-01,4.227109486407124028e-01,3.555948596047400212e-01,3.833843348620993852e-01,2.926175732208720626e-01,6.396449813757549840e-01
3.899672379742465944e-01,6.108379750114227846e-01,6.990743056989149329e-01,7.726810868789675268e-01,7.438347467345209907e-01,7.665008595060848196e-01,7.983542309837061701e-01,1.086530367596116653e+00,6.681327955880566050e-01,8.228185782149082250e-01,3.379816867962106008e-01,3.333859323016883924e-01,2.589444119371319686e-01,5.300813108837920673e-01,1.156716395357106464e+00,1.562529527714318911e-01,5.194224568640545270e-01,4.896642269645463674e-01,6.227125517620857309e-01,5.292955755123395223e-01,6.413257210768376071e-01,5.331475292319020065e-01,3.683413838437309407e-01,7.533990555504239683e-01,7.691357749074391181e-01,8.137443235404391295e-01,4.644447017107585229e-01,4.751132993710835972e-01,6.363500957334500274e-01,5.703979295005230377e-01,9.581516966172285432e-01,1.110468309728886549e+00,5.877377746283320992e-01,2.832042539919954471e-01,3.608797292745472007e-01,3.146211051719656204e-01,7.534639840937843447e-01,4.763628735526606039e-01,8.931689962034667918e-01,4.774991071818577848e-01,7.534547294802564910e-01,5.395365088835163414e-01,6.569053751912657946e-01,7.950784910376670345e-01,4.475426607208451424e-01,8.777367723900910690e-01,4.049985920608409340e-01,3.864173160675685170e-01,4.311417732916703605e-01,8.680858740102068705e-01,8.220979252266011894e-01,8.969424756351125350e-01,8.801476609889454794e-01,3.333576464932769268e-01,2.318980598026390005e-01,3.748987736657245495e-01,9.590454730072954792e-01,3.098027058706550041e-01,5.416320962754276325e-01,6.298467816276391851e-01,4.660038271087998396e-01,4.050469509790504130e-01,5.242445775143257380e-01,4.097888165473582145e-01
3.492519222293772874e-01,8.200372342169615081e-01,6.222440450970616599e-01,6.014230030507772273e-01,2.372178460247494902e-01,6.918474983285436419e-01,9.280614826109472304e-01,9.051312417502295204e-01,4.805227176144944989e-01,8.751455456942089928e-01,3.333859323016883924e-01,4.097008462482186197e-01,4.824604511911787519e-01,6.278685442351182866e-01,3.462991988958870615e-01,6.099401771948343987e-01,6.577960104567169841e-01,6.060893326674047232e-01,1.179821348141775417e+00,6.346065095910736753e-01,6.376602577926290261e-01,9.483444560000046097e-01,3.446071267990087339e-01,9.862036061345020865e-01,3.928302399608507578e-01,7.657851883004522797e-01,7.995665198087553716e-01,8.753195767297439200e-01,7.066777947553251060e-01,5.475848474618847384e-01,5.190848759192059347e-01,4.909948292510498691e-01,8.247058097148611822e-01,7.942993502516791926e-01,7.389643025401596566e-01,3.521504260020701382e-01,1.016563444736966249e+00,9.316936289833386287e-01,5.881322345493980031e-01,5.288618884299610690e-01,5.634593242659323709e-01,4.201757815738574875e-01,9.230011862313478588e-01,6.621792759946814044e-01,4.374038186142424900e-01,7.864068902848988518e-01,9.426755593239701803e-01,5.130345425767650624e-01,1.065905527277073883e+00,9.912929090134909860e-01,2.223247683071767622e-01,7.270250572085749097e-01,7.940845553317642525e-01,4.204175403895303309e-01,7.935774179460468591e-01,8.531866912820174065e-01,6.959037934140523962e-01,1.005325527553593501e+00,1.105661294733394140e+00,8.020519364404359308e-01,1.133674751648162227e+00,5.229722679821497966e-01,4.309392097281911083e-01,9.142376866797781165e-01
7.754231996225341428e-01,5.693134129398232934e-01,7.684080581777066321e-01,6.204860120955830727e-01,5.007085409225195960e-01,3.378443794402516964e-01,3.046780509992548236e-01,4.846446685502097118e-01,6.420798405197527536e-01,4.917412447729467839e-01,2.589444119371319686e-01,4.824604511911787519e-01,8.916179145786963245e-01,7.660907439116325657e-01,3.064975374125827878e-01,5.966349032992905865e-01,3.292183091323829247e-01,8.794756675650151623e-01,3.842262215981870344e-01,1.102114212441953844e+00,5.172974217121336649e-01,9.608062941320356654e-01,2.961146483983604361e-01,3.874925373069452172e-01,7.766456565157781045e-01,6.333806917850771656e-01,3.839755742629469282e-01,6.570095620493233701e-01,9.509515053626516057e-01,1.067051379524788901e+00,2.185585934731238966e-01,4.414068508996358831e-01,5.835594324469199901e-01,1.068684620258647300e+00,6.110132362629170366e-01,3.184001707554504623e-01,5.381857555291906792e-01,7.820066314157130272e-01,8.704882569551735116e-01,8.213004868944955295e-01,1.133773485803885261e+00,4.548701109505820517e-01,8.645766375650506541e-01,4.124561727665134736e-01,3.575114845503333250e-01,7.251933778945350850e-01,2.429103823963213449e-01,8.963593387509218857e-01,1.237449304872857647e+00,3.766455225984670641e-01,5.961071757946919680e-01,1.169148509142194481e+00,1.188350808982850726e+00,7.914217151904092695e-01,5.386468764777873064e-01,4.454997305334254531e-01,5.532442799749645035e-01,6.550924467968066711e-01,1.049552212964424358e+00,5.949299853273473104e-01,3.508934988171621416e-01,5.480860027962943803e-01,6.379614747042913203e-01,3.375254345586659599e-01
8.907297384236940729e-01,1.123740277886362104e+00,7.219066038435564270e-01,5.651450373829172147e-01,1.031258506664070040e+00,6.838265929299105483e-01,1.114043130310042429e+00,9.409340021547227817e-01,8.089494338314520139e-01,6.219832766026226478e-01,5.300813108837920673e-01,6.278685442351182866e-01,7.660907439116325657e-01,7.045857027674343742e-01,3.053060597345857996e-01,6.389669397682370411e-01,1.023197196323932134e+00,6.259443156323643009e-01,3.876990394976814747e-01,5.433122756415256216e-01,4.883300687029312748e-01,6.231763297460691797e-01,5.979686464666653656e-01,4.916120805096059199e-01,3.596953244214693979e-01,8.938469008193671295e-01,8.921106272510410662e-01,1.131044605224443167e+00,8.346076263851708310e-01,9.661471921765963922e-01,3.820812959454273350e-01,5.520144033778070503e-01,7.686059162581566628e-01,6.271826285430824877e-01,8.569367348002969731e-01,8.572526817521517462e-01,8.478896916143910945e-01,6.915554278838409452e-01,7.241379856540239857e-01,4.538342899196846636e-01,8.958391391779305657e-01,5.123556758825843493e-01,7.414366926069266839e-01,6.695880431235274877e-01,7.236044844474494031e-01,8.286274722982239771e-01,4.888123367349151982e-01,4.105512631037138149e-01,9.406256743886340921e-01,5.262670058625635860e-01,9.376631130104775558e-01,3.153578322488466146e-01,6.390780543167117189e-01,4.230112691718282414e-01,5.257296649922166276e-01,9.519435330925603012e-01,3.029648647660059257e-01,4.120899400939199708e-01,1.019068670768870977e+00,8.839255277971407310e-01,6.092190545315545602e-01,9.224786973528898981e-01,7.883931295893242819e-01,3.761692180712448708e-01
4.412367746771760357e-01,2.811486586407973554e-01,8.257868271161175056e-01,7.805059147650895701e-01,1.292012421247420217e+00,4.556612520388796383e-01,3.332783511040134372e-01,7.443861787150771736e-01,8.110429498934036419e-01,2.601755703850066048e-01,1.156716395357106464e+00,3.462991988958870615e-01,3.064975374125827878e-01,3.053060597345857996e-01,7.008979507622253857e-01,3.753406038053144211e-01,6.493193917970532247e-01,6.246629350434453887e-01,2.731113114688583643e-01,6.520769707231308665e-01,6.942018218814414166e-01,9.246417016756650620e-01,8.005288307688106508e-01,4.297060878245677618e-01,4.939956251369587159e-01,5.976502404996003603e-01,6.400658547277858768e-01,1.172163045141134008e+00,4.281185901084833545e-01,8.844441524750576988e-01,8.320584228082943401e-01,6.097679574438332750e-01,3.855056816640320960e-01,5.791120541450037740e-01,3.385660625700850357e-01,7.212717419326116763e-01,8.335018040072914580e-01,7.293822797079273501e-01,9.293168784317106246e-01,8.660651643320944615e-01,6.742813995508987190e-01,6.215458842889394209e-01,5.586708059941106752e-01,7.906712500072758942e-01,6.833156610574682155e-01,3.052333194579572861e-01,5.491245875249830544e-01,4.756100386673248193e-01,6.605800974970389428e-01,1.010171499596214328e+00,2.431357341050849608e-01,8.963646087981398392e-01,5.193256915272308483e-01,9.015212535866310439e-01,7.389838453723303058e-01,6.755015698662408807e-01,8.370698293505898224e-01,5.169396537907321454e-01,3.581727924918769457e-01,9.806308259136649053e-01,3.381479994216604057e-01,4.373841995842285835e-01,5.288782266243408081e-01,2.520090519889724434e-01
6.068296464776803401e-01,6.207462493499165124e-01,5.479325180929437433e-01,3.725124735585678692e-01,3.787910765788828349e-01,3.573200490391227335e-01,7.255928765047818807e-01,4.288889569781217936e-01,5.842842126400552560e-01,3.472979562079607785e-01,1.562529527714318911e-01,6.099401771948343987e-01,5.966349032992905865e-01,6.389669397682370411e-01,3.753406038053144211e-01,6.391242033725881289e-01,8.795760276310023995e-01,6.927229807912120840e-01,4.184793738311592959e-01,7.928748882077091276e-01,4.771937950875333456e-01,7.662662860449560576e-01,6.574630017188318742e-01,2.510017360276336484e-01,8.384220852536500290e-01,6.924282813476552167e-01,2.810299948925098490e-01,4.909006052226481120e-01,7.450319088976149473e-01,4.240341760396331705e-01,7.983701545259417331e-01,4.043532387176378973e-01,4.691846757736065077e-01,1.102302159323705233e+00,6.914069188953531064e-01,7.177837461901390714e-01,7.376565126058021171e-01,4.504137663520491053e-01,6.381917891391348796e-01,6.296399002808426015e-01,7.996529079881757873e-01,3.560544343833238479e-01,1.012039970147505796e+00,8.598992849505138203e-01,1.087991519890221914e+00,6.259896913582652100e-01,6.828806620366720814e-01,3.090159820406335189e-01,5.850152157231682803e-01,6.156890985075111900e-01,6.588013890826737162e-01,1.077539231727276725e+00,8.492175964919060904e-01,7.698032050805569959e-01,9.418900257008069321e-01,5.034430677801293719e-01,7.096473340844021704e-01,4.853410342997705462e-01,7.284165771420231250e-01,1.002397762013995663e+00,7.907194863756275005e-01,6.452273876319504220e-01,7.786470080713463471e-01,3.133522446944434492e-01
6.460929527447227816e-01,7.647833458534363249e-01,5.603970272585839796e-01,4.044167773920103737e-01,8.492086552920807829e-01,6.302361420235448319e-01,8.851031857966598082e-01,6.658861907205714248e-01,8.622210173092841323e-01,2.737631287847052119e-01,5.194224568640545270e-01,6.577960104567169841e-01,3.292183091323829247e-01,1.023197196323932134e+00,6.493193917970532247e-01,8.795760276310023995e-01,6.925727926013017788e-01,1.111838075096228007e+00,4.906316285427830826e-01,5.000009556147275713e-01,7.162683868510159035e-01,2.612695007726144047e-01,4.737514365884520906e-01,7.240313039678468732e-01,7.495506248807475291e-01,7.816199698217697334e-01,8.090958275377380104e-01,8.138930079689272734e-01,9.245950265647449040e-01,9.868908328495143989e-01,9.178425275597101862e-01,6.706079601939076706e-01,1.167795482262389051e+00,5.131088135746889600e-01,8.952895104934839310e-01,4.399406049216256775e-01,6.406904036187386353e-01,4.423174953163528378e-01,4.603723108950892318e-01,1.052429334734180655e+00,6.179812079811740633e-01,9.081625974859730555e-01,7.045628391547902325e-01,7.377598120418423777e-01,5.082869312426601116e-01,4.736647675496230558e-01,1.037711744267325820e+00,1.390137252679753299e+00,3.908446525536043437e-01,9.377347610693170799e-01,4.123068472671557738e-01,3.716744178495687279e-01,7.579278095806547544e-01,1.025888805473833099e+00,5.215177043684504632e-01,3.175065758083657208e-01,5.373132694256324005e-01,5.810925108973741260e-01,1.468174199838140570e+00,5.225957127732789864e-01,6.344194543087904314e-01,2.262348828564513248e-01,6.533081106494462720e-01,3.103877423153619253e-01
5.649169397695739114e-01,5.457746976447415133e-01,5.937820579527169906e-01,5.285276962854457139e-01,5.371021342676030041e-01,6.470441925030354646e-01,4.871051734484138640e-01,4.997643983175815707e-01,6.707026500524089219e-01,8.628285733001725966e-01,4.896642269645463674e-01,6.060893326674047232e-01,8.794756675650151623e-01,6.259443156323643009e-01,6.246629350434453887e-01,6.927229807912120840e-01,1.111838075096228007e+00,3.378590695625820484e-01,2.910067081523747823e-01,5.294939674163893217e-01,8.747065071573244532e-01,7.134577530356976949e-01,6.931320671515008858e-01,8.628445154560493435e-01,3.136942270341936401e-01,4.187421903135935541e-01,8.672410834965823545e-01,3.911124067248947789e-01,7.222491194306278617e-01,4.217180105311161831e-01,8.809738618436360191e-01,9.189512527703158629e-01,6.055525660749858652e-01,2.179088706290854272e-01,5.336146085712293319e-01,3.818962950797652467e-01,5.810983885006489880e-01,5.028422264717580248e-01,4.568278091346952841e-01,9.571383133377679986e-01,7.033826929417879015e-01,1.908027636614232081e-01,7.114116088276324357e-01,7.319134490070779986e-01,1.833605508349168411e-01,9.310969557902355476e-01,8.673845744753421183e-01,8.878398719911678727e-01,4.135821195690441154e-01,5.707612155441300628e-01,2.552977382617833135e-01,4.188792227728037054e-01,7.847091385163376120e-01,7.849838243079779732e-01,6.222010600082623633e-01,2.275425418518260967e-01,8.424311480594999235e-01,9.043384614991804016e-01,1.453431668341497396e+00,7.180631983582668187e-01,3.561000022512224583e-01,1.000772324780026423e+00,1.064232142636909684e+00,2.210343326461210733e-01
5.474811299095969641e-01,5.772394616645382115e-01,3.250389696430743824e-01,6.746005325220822968e-01,4.217776993010349251e-01,4.670748646083485722e-01,3.220641667650404605e-01,3.081003199278153915e-01,5.086553067805573702e-01,7.722025637675464793e-01,6.227125517620857309e-01,1.179821348141775417e+00,3.842262215981870344e-01,3.876990394976814747e-01,2.731113114688583643e-01,4.184793738311592959e-01,4.906316285427830826e-01,2.910067081523747823e-01,2.465180180170946922e-01,2.658846055192646274e-01,3.204686984641620939e-01,7.357877697323794708e-01,5.367092047985537739e-01,4.919360500457106156e-01,8.853869472580485622e-01,4.613570884056850119e-01,3.183186223003237614e-01,2.145764371404025594e-01,5.036275057619099549e-01,8.835651042313942272e-01,6.029648491094690144e-01,2.897384850389662647e-01,3.425190957826954596e-01,1.871465336847696614e-01,3.767340128042042657e-01,7.685304998953774724e-01,7.974848569117958252e-01,7.130316637151214998e-01,6.763946355772290087e-01,6.789786719452214347e-01,6.648694665157076633e-01,3.414044254327978645e-01,7.931945130301272240e-01,8.091204096558667347e-01,5.687799465467996418e-01,9.974227937296893387e-01,4.632043188423501379e-01,3.465677086306344634e-01,4.877262423839605066e-01,5.497691069670067598e-01,6.931858461085167455e-01,8.002701740936202235e-01,7.476690768859222125e-01,5.007883526632180837e-01,7.570035881714203274e-01,4.939934135561194206e-01,9.167603574496828722e-01,5.611700275553030970e-01,1.268759598814150902e+00,4.946525725033611431e-01,5.344591104661660097e-01,3.469083240217253339e-01,4.263479101689469641e-01,4.246007137255757291e-01
4.906406675464308198e-01,6.596298485182241489e-01,6.180844104050324805e-01,5.126764668653263080e-01,8.653070034491177065e-01,5.670696793910556810e-01,9.844088470327047036e-01,7.746497533303137173e-01,6.320797697352498190e-01,9.490741532395206015e-01,5.292955755123395223e-01,6.346065095910736753e-01,1.102114212441953844e+00,5.433122756415256216e-01,6.520769707231308665e-01,7.928748882077091276e-01,5.000009556147275713e-01,5.294939674163893217e-01,2.658846055192646274e-01,7.297107596018569398e-01,1.035493710728587091e+00,8.136396413762971846e-01,9.522710778379447349e-01,8.244274077755933128e-01,8.454335185030128486e-01,4.213800885880260583e-01,5.736622826624206972e-01,4.313232987821576936e-01,6.796978098388199996e-01,9.442385578078590358e-01,3.980444536765972430e-01,4.929515353883150985e-01,1.143500103878428265e+00,2.088703995115442635e-01,5.333519057214558545e-01,5.382771934228461896e-01,8.693926171038306450e-01,6.036943059694690472e-01,8.053454438057738862e-01,9.237002665865752249e-01,1.071372923298411717e+00,7.401146515683876270e-01,8.727407511958351627e-01,6.465224355089667085e-01,1.333787981426507230e+00,1.034186444204808764e+00,1.169690609470457776e+00,5.615702451259749761e-01,6.528619145130900581e-01,4.097305438114096088e-01,7.316095033267870917e-01,3.593300798760147297e-01,8.957008148568733619e-01,7.057060058339369446e-01,3.427834327593741737e-01,6.208834400370528694e-01,8.677582333251965263e-01,5.929874495072466889e-01,6.278330700482349647e-01,5.300023603881407475e-01,1.136836845042888289e+00,5.160572379228924866e-01,7.417521858325930584e-01,1.621287073147950619e-01
5.540738886790513851e-01,6.930764563789044708e-01,9.068453316096409811e-01,7.165247004454424751e-01,7.576909700444227624e-01,9.049912427189181763e-01,6.573744166501891417e-01,1.070567347331782049e+00,3.510397401121784777e-01,4.010513583985176878e-01,6.413257210768376071e-01,6.376602577926290261e-01,5.172974217121336649e-01,4.883300687029312748e-01,6.942018218814414166e-01,4.771937950875333456e-01,7.162683868510159035e-01,8.747065071573244532e-01,3.204686984641620939e-01,1.035493710728587091e+00,7.078236441090968167e-01,1.117942452331478487e+00,6.849862921013147865e-01,7.441162979603110905e-01,4.792492443009066516e-01,7.387096857409675144e-01,5.816395153138089746e-01,5.788994343684250588e-01,8.195127835730617871e-01,7.335572409745464428e-01,6.478032857923412546e-01,4.187361235166026097e-01,8.445506170072737406e-01,6.411594095396113691e-01,6.618713836231644443e-01,5.828252697074050026e-01,4.408753454252889448e-01,4.333607629276182704e-01,6.267843879438707022e-01,7.805408724772828766e-01,4.293391512109379082e-01,8.555063806197741316e-01,7.919863723961422242e-01,4.579353276293985919e-01,5.190012607937579681e-01,6.895453471796497702e-01,3.088084234700090858e-01,4.724842984459938777e-01,5.455303006301290836e-01,3.517674694656307555e-01,6.746344717533790947e-01,7.623075373639354169e-01,1.083391459435773863e+00,9.185317700650238448e-01,8.661897183081114227e-01,6.311877194398594071e-01,3.867193007767533719e-01,4.646698523684364979e-01,3.113522236121375464e-01,7.157082804384105046e-01,5.243182482705551761e-01,5.330426220592638931e-01,1.026583190289206415e+00,5.710561281008765810e-01
8.906969903272998756e-01,8.613452371630422322e-01,3.987776379367808377e-01,3.913427807714723317e-01,2.650399338038191832e-01,2.757180953419117175e-01,4.377198275117987203e-01,7.007858088460885426e-01,4.614718711890645197e-01,4.972732150365052894e-01,5.331475292319020065e-01,9.483444560000046097e-01,9.608062941320356654e-01,6.231763297460691797e-01,9.246417016756650620e-01,7.662662860449560576e-01,2.612695007726144047e-01,7.134577530356976949e-01,7.357877697323794708e-01,8.136396413762971846e-01,1.117942452331478487e+00,3.876326452136952816e-01,8.300184950791438254e-01,8.406282050873324918e-01,1.061661167400131944e+00,7.407719393224995175e-01,9.780169519197343675e-01,3.071359189177400584e-01,6.452161307774897381e-01,9.668116159361646034e-01,4.796267884160992923e-01,5.341069407939095237e-01,7.034377552775831210e-01,5.337522025213774501e-01,6.420847562251378315e-01,8.612154645350301729e-01,3.652869291851249534e-01,5.498307167000644480e-01,2.254356089733052237e-01,7.312422283343639196e-01,8.137157358737395763e-01,3.305242641936824155e-01,1.062358320923684207e+00,1.081062211188794198e+00,4.019465971093891254e-01,2.683752127927555575e-01,5.939008892929360517e-01,1.960213605315562213e-01,2.972160134136174747e-01,3.885299983814184399e-01,7.585154308492276787e-01,4.314746812860884573e-01,6.518534951342686012e-01,6.275056755442232070e-01,6.917752825383500781e-01,5.319474399372624562e-01,8.940440553737791785e-01,4.940067116123506574e-01,6.668525872077615269e-01,3.874793871127766298e-01,7.207596929659134677e-01,9.679125228757439192e-01,8.828337312040317464e-01,4.143436236327177058e-01
2.978611754765674302e-01,9.061897146650457202e-01,6.109988783798088186e-01,2.762982978166158565e-01,3.895309998307078247e-01,2.701241189169131252e-01,5.511850176701237336e-01,8.509028586056859300e-01,8.222062031002148608e-01,2.481015393036806183e-01,3.683413838437309407e-01,3.446071267990087339e-01,2.961146483983604361e-01,5.979686464666653656e-01,8.005288307688106508e-01,6.574630017188318742e-01,4.737514365884520906e-01,6.931320671515008858e-01,5.367092047985537739e-01,9.522710778379447349e-01,6.849862921013147865e-01,8.300184950791438254e-01,7.378143035718607301e-01,7.285812640798703388e-01,6.309853271516427942e-01,4.661336845952504526e-01,4.803108293220841318e-01,4.527569237428770710e-01,5.835709212776918342e-01,9.643603193903032000e-01,6.637735801101758426e-01,9.203655826623453606e-01,5.475043161973001116e-01,1.757405858187152670e-01,3.695306930818798019e-01,6.581751183746269440e-01,4.485854812014745119e-01,6.232660036179891172e-01,4.322327280517592185e-01,7.187276368229954526e-01,5.081495179338250123e-01,4.648404617439206854e-01,3.866357344756885528e-01,6.007213192205658192e-01,3.368794082187400729e-01,1.041560019694961481e+00,4.324213969982407257e-01,2.327714929159805657e-01,6.884144791638325822e-01,3.984403851421287612e-01,2.825959108548937726e-01,6.950434601496526810e-01,3.785322357557642237e-01,4.096064217763979998e-01,6.383629219992406068e-01,4.250490815983165582e-01,6.970286520112121131e-01,6.942606454836008911e-01,4.255374279908763491e-01,6.307379269689173951e-01,2.881120321584147992e-01,2.856738004733015979e-01,3.204993554431787017e-01,9.019253807730749362e-01
5.318490755358014077e-01,5.519997986094982156e-01,5.944784817083905715e-01,3.629382477070787205e-01,3.247797290546338145e-01,8.557485003369338372e-01,4.970675580391293868e-01,5.442342485456296286e-01,7.069094382538519961e-01,2.438788297976669794e-01,7.533990555504239683e-01,9.862036061345020865e-01,3.874925373069452172e-01,4.916120805096059199e-01,4.297060878245677618e-01,2.510017360276336484e-01,7.240313039678468732e-01,8.628445154560493435e-01,4.919360500457106156e-01,8.244274077755933128e-01,7.441162979603110905e-01,8.406282050873324918e-01,7.285812640798703388e-01,6.042249953096864301e-01,6.733394414384650251e-01,4.399091262912037115e-01,6.379756677497857575e-01,5.117983923709957805e-01,6.987998487092567101e-01,1.143463143556030071e+00,5.958375714724499783e-01,4.756725989503567398e-01,2.511238357606800919e-01,5.042386129850530141e-01,6.073966337022228545e-01,5.515160281313139512e-01,7.485389400713245989e-01,6.049016976231611498e-01,8.194133603514701658e-01,4.169890479371138325e-01,8.505172339368586298e-01,5.717928938364404967e-01,8.192279900327521514e-01,9.378939026110993948e-01,9.976444144982076212e-01,8.207490582935250689e-01,5.591379625847006096e-01,5.883090811085518457e-01,2.228172306692959292e-01,4.418952599261942726e-01,5.609703470826122862e-01,5.694670580811340699e-01,1.211016293132920030e+00,7.039893507457161137e-01,8.822285400385054821e-01,7.895153041540283745e-01,5.670088414669378629e-01,1.060294246435822485e+00,5.802115093615352048e-01,9.307835950604770314e-01,6.135859211848038175e-01,1.183790547770280366e+00,3.854422080004887285e-01,5.073034374701654858e-01
1.140225810510079540e+00,6.914113645255828278e-01,1.026718318061122348e+00,5.997280769021026137e-01,7.430549891401460050e-01,6.852612236053039485e-01,7.731727843404663236e-01,1.306273322298076467e+00,4.289900265210001562e-01,8.689872358754929804e-01,7.691357749074391181e-01,3.928302399608507578e-01,7.766456565157781045e-01,3.596953244214693979e-01,4.939956251369587159e-01,8.384220852536500290e-01,7.495506248807475291e-01,3.136942270341936401e-01,8.853869472580485622e-01,8.454335185030128486e-01,4.792492443009066516e-01,1.061661167400131944e+00,6.309853271516427942e-01,6.733394414384650251e-01,6.814121654164053687e-01,4.217338808556043150e-01,4.383336905920772186e-01,3.145497896310936459e-01,1.430590606787232932e+00,1.312692457977717497e+00,1.179193448154603141e+00,7.651363654319676133e-01,1.239841591262757836e+00,9.067635866569615510e-01,6.659587913544500193e-01,8.738846035497410680e-01,9.716137921295592283e-01,1.043509890249838312e+00,1.069631795093186399e+00,7.750050112869368846e-01,1.283769636968788319e+00,8.955238813255916863e-01,1.027371912216969774e+00,1.121756141734744361e+00,8.212152037868867271e-01,3.542710507154568367e-01,6.811725220853055429e-01,1.295579475991990748e+00,9.265140371232328809e-01,4.383658323830973980e-01,1.019359342816769542e+00,1.083381644896298956e+00,5.846411875576487116e-01,1.267815949330679093e+00,5.544368190650803552e-01,1.087604540915866114e+00,6.965446063435463131e-01,6.489853698004053317e-01,5.697996147618592522e-01,6.489388234007532619e-01,8.269869465107844153e-01,6.168378750562085733e-01,7.278016077810973705e-01,6.926678080186856601e-01
